1.374641540 -1.790582720 -7.171918183 -2.970325575 0.984893764 1.209408307 -1.088906025 -7.744458572 5.016911534 -4.851041126 7.276060745
3.134229173 -1.275009473 0.558303088 -1.053205772 -0.962380400 -1.811176898 -1.177522494 -3.225527692 -6.541230914 7.011411707 -3.014197335
0.527103782 3.190765406 -1.299753398 4.003477004 -5.818673048 -7.596636086 -0.182523658 6.678247831 -6.919231467 5.599877171 8.123203793
-0.240487082 0.484740068 0.376308720 -1.003782338 3.508357481 4.877554911 -0.565191384 0.403699031 1.568874970 -1.370932529 -4.570292361
-3.080757777 0.251453708 0.596603232 -1.055238461 2.152839661 3.577737899 -1.277757247 0.592148521 3.425102603 -5.634090270 -2.327392335
-3.940310721 0.413448907 1.310552700 1.163018977 -0.968125014 -1.375028566 -0.337971867 3.550161189 -0.150815352 -3.067505424 -1.016425419
-6.010953381 2.085178007 3.494730557 3.290366472 -2.799680926 -4.844930705 0.041809168 7.655411077 0.844850627 -6.627116356 3.557069316
-3.626095624 1.226358754 1.938407521 1.152084985 -0.278156624 -0.244828717 -0.187597416 2.767334384 2.707003375 -5.615574273 1.779210739
-0.309275778 0.519724761 1.056997616 0.193518208 0.912694338 2.062678225 -0.641838125 0.800028949 -0.531741269 0.765944339 -4.253063633
3.201768077 -3.389607828 -2.104139722 -4.388185484 2.810222052 5.100480512 -1.206405177 -8.627218917 2.434985489 0.848525430 -2.868466430
2.337421771 -3.434180443 0.308615574 -2.511827705 -0.810396639 0.353078682 -0.551729936 -4.896480264 -2.072554566 4.585539636 -4.268143074
-1.862240378 -1.825688078 0.594140104 0.007137117 -3.058480854 -4.291628410 0.250375610 -0.624652690 -1.118085897 0.617371977 1.623008400
1.464111740 -2.627735744 -0.191992369 -1.990304265 -1.325947771 -2.492488858 0.019038151 -3.431612546 -0.893520131 1.383303392 0.615629312
