1.057280053 2.872227366 0.897131663 -3.357940403 0.316074864 -6.340125897 10.292622402 -4.284501348 -9.840431413 1.230050689 5.711057542 2.370429347
3.729003297 3.076791872 -0.789222751 2.993613947 -1.761661691 2.043443042 -7.958445677 -0.934353440 -1.772144841 2.272635562 0.974452603 -1.048568460
6.888106528 0.995146428 0.493576785 -8.629671605 -3.224695934 -2.262968739 -6.842711234 4.243954850 5.231915723 -1.350284354 3.350479654 -5.794428523
-3.924534333 -1.390266125 -1.599787968 4.968961920 0.949890618 1.416210190 0.786900547 -0.915674493 -0.572406596 0.887414634 -2.599022439 3.614612843
-4.023005639 -3.686907948 -1.175308874 2.765229008 0.265488344 -1.226156782 6.448759625 -1.218490602 -0.084427158 -0.774317223 -2.409456124 3.279629469
-0.917154567 -2.838444950 -0.138302895 0.000458854 -0.867921293 -0.037208036 2.072298232 1.328938651 3.667854142 -1.525095837 -0.956213572 -1.106257395
1.289584115 -4.230047905 0.384198489 -4.164270281 -0.316142179 -0.612822131 3.956934411 4.546639980 7.992750386 -3.750825774 -0.810626558 -3.880656747
-0.955949115 -2.893023038 0.008944719 -0.654564510 0.216415469 0.092175093 3.679712140 1.929365695 3.578070240 -2.045341446 -1.572515817 -0.887477135
-1.146201895 -1.560198385 -1.274468761 2.594455527 -0.517755460 1.544010409 -1.389959222 0.212751201 2.437713360 0.068295314 -2.830589547 1.289528387
-2.932157202 1.471449022 -1.176636919 2.106883044 0.673050145 -0.123243906 1.191579966 -4.961636903 -6.726021340 1.838170256 -0.297498171 2.560520931
-0.273153932 2.534913158 -1.324470391 2.811150179 -0.496851008 2.454839715 -6.249361932 -3.245027346 -5.053126283 1.298169789 0.432728841 0.770160405
2.047067600 -0.785488222 0.446715170 -3.601976075 -0.901599274 -0.453599113 -1.092754404 -0.018961459 0.178007873 -2.075207228 0.462411747 -3.908649100
1.432817820 1.286722113 -0.191461920 -0.617329731 -0.826059422 0.286757260 -3.269249139 -1.388463813 -2.806292931 -0.235118529 1.133118151 -1.448114650
