3.532681615245024886e+00 9.147428170630950817e+00 -5.255922128238531554e-01 3.932923790522012464e+00 -1.204462083665258731e+01 -1.712892887906826811e+00 -2.549372436594315339e+00 -1.200975199800998094e+00 -1.451727203988230519e+00 -3.711186718296545450e+00 2.884295553517894461e+00
4.850923788688565330e-01 -1.870985689343031444e+00 6.592304898978831318e-01 -1.138043454699906754e+00 -4.480316376067689510e-01 -3.647714556685581755e-01 3.305863266370216103e+00 -2.559498498978466152e+00 -2.254183625766212451e+00 -3.879851271979727345e-01 1.935694662993386217e+00
1.888134532908852359e+00 -9.204883138424623246e-01 1.413111581439831399e+00 9.215051756113991077e-01 -3.604580227432931938e+00 -5.974447325188771973e-01 4.475197560271563013e+00 -2.461170698013410263e+00 -2.139905628108961899e+00 -1.723270104156448879e+00 2.701685581850512108e+00
-4.327651767477710187e+00 -1.713765394927966312e+00 -1.204344699349400694e+00 -3.043614665859255997e+00 4.065355032630916909e+00 -7.536026706369343131e-01 -1.552756998687903511e+00 6.327064541012055621e+00 1.250376535898340968e-01 5.058270940935529758e-01 -2.873756873978616344e+00
-3.586941655692096997e+00 2.761084466978432683e+00 -1.698089340995797336e+00 -2.087701943551996564e+00 -1.810900214539863662e-01 -1.482689439492745009e+00 -6.327912550623540078e+00 6.051730310058214712e+00 7.181848353496984583e-01 1.349343870190379026e-02 -3.682528625015913715e+00
2.172575124279703562e+00 -3.460535178417577296e+00 -4.261107039211694536e-01 5.627780263893036317e-01 4.238259967271329032e+00 -1.340072730754895622e-02 -2.315907879774591061e-01 -5.562196352541085353e+00 4.758519179496265572e+00 2.177831385176926204e+00 -4.195377851816464165e-01
-1.595311177864708219e+00 2.015558922673317266e+00 -4.758936345041181459e-01 -4.958119592064006431e-01 -1.826827822202055973e+00 -1.141309790238328237e+00 -1.988384462306275635e+00 4.449713788365356137e+00 -7.947072435375952537e-01 -1.943604176631784863e+00 -8.483238504425144599e-01
-3.595888157724178580e+00 -6.987146749164567794e+00 2.766970469465254823e+00 -2.904484535077583196e+00 4.136508165830155015e+00 1.680890167902503896e+00 9.786617090114297923e+00 1.376912650721916043e+00 -5.456279281104986723e+00 -1.423559780904568361e+00 2.606663166533139453e+00
3.136524143202860104e-01 -1.768847732209252843e+00 -8.187433975510373108e-01 -1.235081179356445347e-01 2.689462267145514396e+00 4.019727217689191001e-02 -8.660050085243938822e-01 -8.663396581719130518e-01 2.049540442353777969e+00 1.362747077436629262e+00 -1.612977257623840810e+00
1.147871874764131661e+00 -3.035714848183951542e+00 -9.389711403764865461e-01 -4.042501076106252977e-02 4.633947843816192069e+00 4.620472954651549391e-01 -2.738752985109228710e+00 -3.107778653112633460e+00 5.633754656077181622e+00 3.282593675581956916e+00 -1.743048897109288120e+00
1.714769070698635156e+00 -1.227113627602133272e+00 6.011937569029388723e-02 9.711606035497578615e-01 9.380663781835190118e-01 1.979706864505403063e-01 -8.748693596623243751e-01 -2.709482095480915564e+00 3.605766344703005277e+00 1.016662261309902116e+00 -1.005382846684658604e+00
-1.845491737869271676e+00 1.780288325209208322e+00 -7.216650276985985268e-01 3.055228516231155850e-02 -3.256443538539774973e+00 -6.821460144921649427e-01 -1.923013057518056512e-01 2.425703424584767731e+00 -2.176692974305893369e+00 -2.251254621785528709e+00 2.902935894374680248e-01
-1.051641767967819385e+00 -2.237921307203151411e+00 1.191617340291888150e+00 -1.396522099678130013e+00 7.300474833374941408e-01 1.290903545700629595e-01 4.293536089365233899e+00 -2.500403024110884470e-02 -3.760686073996214240e+00 -1.958617455736838542e+00 1.072180126316205628e+00
-1.564566264353519642e-01 -7.147660370687305975e-02 -1.930544449957240616e+00 -1.010239808418109009e+00 1.395025190616485888e+00 -6.083627787054813885e-01 -5.014669397009098972e+00 -1.213648437934545798e+00 3.365897487294545076e+00 1.455024279983893054e+00 -2.650818907501356403e+00
1.001100708611590839e-01 1.295714238401074470e+00 -2.160708961186780463e+00 -3.492421623348376247e-01 1.302524091329924083e+00 -4.406937596286137904e-01 -5.986110138315360096e+00 -3.418351741265722166e-01 4.168866322379862766e+00 1.942408458347400169e+00 -3.230817677651716568e+00
