-1.922394544 -5.297645543 -3.223266538 3.495762831
-0.816223574 2.746492491 -1.286894013 -4.331000636
0.395329301 5.212522488 -4.937614850 -0.932383950
-3.252408361 3.748705396 -2.288374938 -3.289274103
4.616215391 -2.773484853 -2.783777432 -2.014651506
6.697773837 -4.924398764 -4.742685204 -3.045080211
-1.123512936 0.920496975 -0.221260981 0.035249291
-1.442338872 8.128581704 -5.178185374 -8.015654481
3.520324343 -3.369698643 4.073529284 -5.964471668
-6.119766994 -3.548305340 -7.442955063 8.896414660
-9.755804201 -1.519057747 7.076423426 -1.476909276
