-8.626624046 0.549095080 -0.748548750 3.198052096
-3.883207019 -4.665516984 -2.702687651 3.153035344
-2.530201535 0.065788724 0.515250961 -0.476818720
6.242344595 0.708275268 -8.056816043 2.206965273
1.795273462 -1.097044379 -0.114988355 -1.434241476
1.025080543 2.800571724 -6.569579195 2.051488176
4.325123339 -2.918533543 9.891078036 -11.261609430
-2.560459691 4.575854255 -2.444123248 -4.225622038
0.189948710 7.937269342 -4.369937838 -7.883449730
0.950624754 -3.106892363 -2.700385834 1.838694602
-6.352010745 -3.075458642 0.952800395 1.584874151
5.202523849 -4.356495640 -2.922199078 -2.301761007
