-5.452259608632676446e+00 -2.267368145596421414e+00 -4.901236218821334312e+00 3.635679773735275067e+00
-4.696596772207437986e+00 -6.624391646855454674e+00 5.408224620348111245e+00 -1.311093434467558660e+00
2.249039136553018015e+00 -1.974315738196263714e+00 -3.150881269062379531e+00 4.346613769670460981e-01
-3.692229843888823027e+00 -3.542500292144657781e+00 -3.331370013399058916e+00 1.314414829299263676e+00
1.467629810045682603e+00 6.735255253714432122e+00 -8.134542332950209342e+00 -4.100670440479357026e+00
8.235312483478679502e-01 1.409646722906072736e-01 -2.527547248485514153e+00 -1.469252511663768634e-01
8.318079803376493331e+00 -5.537257061404753600e+00 -8.278158759947844558e+00 1.819352311658150922e+00
3.503411893349860140e+00 -1.482587561154815381e+00 8.070133969244123406e+00 -9.731044195167408262e+00
-8.835856165489207825e+00 5.025213315056618057e+00 -4.136337288927908751e-01 7.345583303122515950e-01
-3.350628255943576939e+00 3.347587786150067135e+00 -2.024588693848669241e+00 -1.629940406423759924e-01
2.040611835343099756e+00 -4.783095657327955941e+00 -4.877029108761314014e+00 1.510716381750395465e+00
