0.319631 0.299736 0.308684 0.241764 0.211593 0.190797 0.302460 0.317522 0.257769 0.195404 0.209471 0.291858 0.291951 0.190464 0.159947 1
0.303734 0.304048 0.308133 0.248196 0.216558 0.183550 0.299115 0.323183 0.253377 0.190342 0.203338 0.297747 0.302452 0.191116 0.160672 1
0.296890 0.301976 0.309178 0.245587 0.213762 0.169060 0.297419 0.324661 0.267624 0.190395 0.191553 0.301825 0.313637 0.186105 0.167206 1
0.296833 0.301502 0.312202 0.245390 0.211633 0.169408 0.297207 0.324263 0.272627 0.192878 0.189030 0.302888 0.313199 0.179106 0.164804 1
0.290288 0.299776 0.314340 0.245658 0.211221 0.168703 0.295558 0.323786 0.281951 0.199769 0.184106 0.303549 0.314349 0.174827 0.163163 1
0.291420 0.297920 0.311479 0.252002 0.222893 0.162580 0.294545 0.328809 0.256153 0.184301 0.182898 0.304714 0.320999 0.188992 0.173682 1
0.292322 0.298300 0.311792 0.252769 0.225816 0.161790 0.295137 0.329943 0.249887 0.180898 0.182906 0.304032 0.320888 0.190894 0.175653 1
0.292580 0.297694 0.311749 0.252853 0.227815 0.161155 0.294410 0.330458 0.250726 0.180983 0.183021 0.302500 0.319756 0.192711 0.175784 1
0.294724 0.297400 0.313366 0.257472 0.230993 0.163875 0.298957 0.335490 0.231379 0.175569 0.180209 0.302100 0.319504 0.194160 0.173719 1
0.250950 0.376832 0.305036 0.292208 0.265881 0.170695 0.188057 0.314417 0.266038 0.169254 0.187103 0.198683 0.314023 0.266980 0.196829 1
0.249464 0.374897 0.303040 0.290179 0.263817 0.171383 0.190575 0.314887 0.272358 0.171754 0.185782 0.197753 0.313969 0.268080 0.197477 1
0.248593 0.372924 0.301173 0.288626 0.261751 0.172693 0.193244 0.315534 0.277707 0.174785 0.184341 0.197165 0.313742 0.268184 0.197469 1
0.249326 0.369947 0.296506 0.286271 0.256147 0.175460 0.196284 0.316317 0.282810 0.180916 0.180950 0.197951 0.314896 0.270347 0.198091 1
0.254041 0.369014 0.292941 0.285963 0.250778 0.176923 0.192515 0.316248 0.284562 0.187690 0.179646 0.203472 0.316862 0.267380 0.196639 1
0.254616 0.366541 0.289690 0.283780 0.247826 0.176697 0.192186 0.316334 0.286118 0.192729 0.178567 0.207655 0.318073 0.268518 0.198591 1
0.254745 0.363641 0.285980 0.280847 0.244642 0.175824 0.193785 0.316124 0.287120 0.198140 0.176586 0.212983 0.318862 0.270618 0.202018 1
0.254247 0.361299 0.279935 0.275757 0.240472 0.173526 0.197416 0.316770 0.287522 0.201702 0.175357 0.216712 0.319060 0.276671 0.209163 1
0.254517 0.361594 0.277230 0.274461 0.239314 0.172794 0.197883 0.317079 0.287772 0.202188 0.174934 0.218325 0.319428 0.277853 0.210388 1
0.257871 0.362891 0.268244 0.271157 0.234685 0.172427 0.197271 0.317522 0.288091 0.203916 0.171787 0.229385 0.320812 0.278570 0.211091 1
0.310800 0.414751 0.252830 0.212819 0.199272 0.154517 0.318904 0.345339 0.166004 0.141723 0.170046 0.314268 0.345001 0.152798 0.141176 1
0.312107 0.415955 0.249870 0.213188 0.198427 0.156071 0.318225 0.344019 0.172839 0.143353 0.168969 0.308134 0.343692 0.158018 0.146026 1
0.312905 0.414874 0.250168 0.212962 0.198479 0.156346 0.316423 0.343485 0.179702 0.144437 0.167436 0.301753 0.343372 0.164623 0.151132 1
0.313407 0.415040 0.248456 0.213016 0.198791 0.155589 0.314864 0.343193 0.189173 0.146242 0.165397 0.294783 0.343454 0.169065 0.154256 1
0.312690 0.414415 0.240613 0.213405 0.201146 0.154777 0.312587 0.342617 0.213009 0.151331 0.161006 0.277215 0.342036 0.185896 0.157941 1
0.309803 0.410904 0.234924 0.212007 0.201336 0.153894 0.311008 0.341278 0.228344 0.154430 0.160562 0.269440 0.340043 0.205361 0.159554 1
0.308076 0.405952 0.234627 0.211010 0.201072 0.153170 0.309995 0.340437 0.238203 0.156310 0.160465 0.264350 0.338796 0.217791 0.160665 1
0.304179 0.399108 0.229158 0.207227 0.199583 0.151141 0.309529 0.338661 0.254233 0.159811 0.160742 0.249910 0.336270 0.244898 0.167438 1
0.299813 0.394665 0.230631 0.204695 0.196850 0.149354 0.310668 0.338677 0.252085 0.158685 0.159605 0.251424 0.336611 0.257851 0.172559 1
0.293833 0.391518 0.236180 0.204644 0.194497 0.149390 0.310603 0.341893 0.235824 0.154511 0.159559 0.262201 0.340465 0.262672 0.174915 1
0.324333 0.387216 0.246356 0.222869 0.242169 0.195616 0.338219 0.367104 0.153636 0.146095 0.196175 0.349934 0.200072 0.144868 0.146763 1
0.325456 0.387778 0.246199 0.222946 0.241399 0.196246 0.338335 0.367537 0.153555 0.146676 0.196582 0.350152 0.195316 0.145017 0.146714 1
0.326500 0.387838 0.246091 0.223177 0.241175 0.196981 0.338354 0.367723 0.153800 0.147232 0.196654 0.350238 0.192129 0.144693 0.146355 1
0.326966 0.387143 0.246187 0.223438 0.240938 0.197749 0.338409 0.367888 0.154220 0.147446 0.196561 0.350683 0.190021 0.144574 0.146676 1
0.327367 0.386992 0.246231 0.223724 0.240731 0.198328 0.338482 0.368350 0.154397 0.147468 0.196677 0.351273 0.185513 0.144756 0.147715 1
0.329341 0.387897 0.246692 0.223270 0.240789 0.198903 0.337659 0.369393 0.154334 0.147486 0.197053 0.352629 0.172352 0.145639 0.150643 1
0.331763 0.389067 0.246992 0.223186 0.240512 0.199568 0.338017 0.371661 0.155282 0.147754 0.198200 0.355877 0.143493 0.149386 0.151328 1
0.332732 0.388765 0.247988 0.223166 0.239399 0.199322 0.338759 0.372387 0.155913 0.147731 0.198660 0.356699 0.136344 0.149955 0.149899 1
0.333654 0.387368 0.249483 0.223016 0.237904 0.198814 0.339914 0.372834 0.156455 0.147665 0.199234 0.357405 0.132999 0.150442 0.148101 1
0.331733 0.217695 0.403634 0.205493 0.195625 0.202380 0.339370 0.363771 0.159735 0.153006 0.194417 0.346952 0.221591 0.151086 0.177925 1
0.329801 0.217560 0.400348 0.205874 0.199292 0.203333 0.340506 0.364390 0.162000 0.153806 0.196753 0.347946 0.222273 0.148138 0.174417 1
0.328392 0.217263 0.397788 0.206953 0.203385 0.204002 0.342184 0.365900 0.164345 0.154676 0.199757 0.350151 0.213780 0.144827 0.172673 1
0.329487 0.217926 0.397320 0.207405 0.206428 0.205589 0.344627 0.367853 0.164935 0.155627 0.205410 0.352107 0.183609 0.146309 0.177170 1
0.331346 0.218638 0.398386 0.206534 0.205885 0.206197 0.345099 0.368450 0.163180 0.154847 0.206081 0.352160 0.170048 0.148526 0.182257 1
0.333132 0.219128 0.399876 0.205568 0.204847 0.206158 0.345469 0.369127 0.160986 0.153560 0.205446 0.352493 0.159469 0.148968 0.187620 1
0.335016 0.219545 0.401273 0.204040 0.202912 0.205225 0.345480 0.369573 0.156986 0.150343 0.203763 0.352556 0.157708 0.148223 0.194359 1
0.334629 0.219679 0.400909 0.203690 0.202974 0.205207 0.345274 0.369084 0.157405 0.150388 0.203777 0.352241 0.159949 0.148393 0.195463 1
0.333241 0.220882 0.399197 0.203006 0.203476 0.205281 0.344927 0.367616 0.160244 0.151947 0.203539 0.351484 0.166304 0.148103 0.196485 1
0.317025 0.215360 0.358074 0.183925 0.215169 0.190038 0.332118 0.351946 0.161572 0.148135 0.186799 0.343417 0.364046 0.129569 0.155862 1
0.316883 0.215439 0.359027 0.184992 0.215285 0.190402 0.332146 0.352220 0.157779 0.146202 0.187357 0.343858 0.364631 0.128635 0.154774 1
0.317512 0.214873 0.359053 0.185869 0.215272 0.190742 0.331794 0.351637 0.155676 0.144928 0.187577 0.344233 0.365026 0.130468 0.154605 1
0.317618 0.214798 0.358859 0.185811 0.215328 0.190778 0.331680 0.351422 0.155809 0.144963 0.187373 0.344279 0.365075 0.131036 0.155006 1
0.317957 0.214729 0.358638 0.185453 0.215227 0.190854 0.331427 0.350885 0.156637 0.145108 0.187162 0.344301 0.365114 0.131805 0.155641 1
0.318553 0.214373 0.358888 0.185027 0.214856 0.190685 0.331317 0.350526 0.157761 0.145265 0.187024 0.344308 0.365024 0.131741 0.155738 1
0.319236 0.213145 0.359187 0.184413 0.213704 0.190232 0.331251 0.350637 0.159405 0.145623 0.186397 0.344012 0.364569 0.133146 0.157356 1
0.319116 0.212666 0.359443 0.184547 0.213699 0.190297 0.331294 0.350903 0.159250 0.145615 0.186303 0.343984 0.364594 0.132722 0.157385 1
0.318839 0.212342 0.359633 0.184906 0.213904 0.190620 0.331381 0.351545 0.158586 0.145560 0.186298 0.343951 0.364592 0.131201 0.157323 1
0.286213 0.068328 0.448216 0.187263 0.189086 0.165979 0.338099 0.358823 0.163592 0.147950 0.194785 0.335073 0.358442 0.155963 0.139318 1
0.285683 0.067930 0.448837 0.187408 0.188377 0.165390 0.338121 0.359039 0.163907 0.147828 0.194129 0.335181 0.358298 0.156457 0.139686 1
0.285248 0.066793 0.450815 0.187238 0.187371 0.164018 0.337741 0.358989 0.164872 0.147878 0.193421 0.335131 0.357905 0.156680 0.139672 1
0.286926 0.065231 0.453731 0.186840 0.187114 0.160328 0.337275 0.358541 0.165083 0.147789 0.193469 0.335509 0.357737 0.152341 0.139073 1
0.286913 0.065107 0.453830 0.186831 0.187105 0.160321 0.337259 0.358524 0.165075 0.147783 0.193460 0.335493 0.357720 0.152333 0.139067 1
0.288027 0.065350 0.454508 0.186146 0.187427 0.158095 0.337707 0.358513 0.165114 0.147920 0.194114 0.335325 0.357825 0.149152 0.138888 1
0.288054 0.068736 0.453335 0.181984 0.187697 0.159125 0.337849 0.357241 0.165325 0.149694 0.196617 0.335492 0.358335 0.149839 0.139806 1
0.287426 0.067011 0.454814 0.182626 0.187046 0.160709 0.337534 0.358082 0.159420 0.148074 0.197442 0.336069 0.359000 0.148141 0.140100 1
0.286236 0.063939 0.456725 0.186710 0.187371 0.162989 0.337595 0.359819 0.147231 0.143202 0.197843 0.336977 0.360371 0.144390 0.140764 1
0.206332 0.022293 0.392330 0.245720 0.193332 0.257249 0.366648 0.370068 0.144181 0.161632 0.229527 0.364421 0.229551 0.227373 0.175792 1
0.200894 0.023237 0.392052 0.243796 0.187961 0.255905 0.363839 0.367191 0.147874 0.164503 0.233311 0.360437 0.236872 0.236909 0.180068 1
0.198271 0.024461 0.391787 0.242134 0.186023 0.252653 0.362733 0.367831 0.149426 0.167092 0.234201 0.358826 0.239201 0.241108 0.182887 1
0.192235 0.029135 0.390343 0.236614 0.182878 0.237957 0.362169 0.374195 0.156005 0.176314 0.232798 0.356391 0.240554 0.248384 0.190771 1
0.194036 0.028910 0.392366 0.232376 0.185274 0.221724 0.367999 0.383909 0.161462 0.181859 0.229608 0.361477 0.216386 0.244805 0.194901 1
0.194257 0.028527 0.394002 0.232197 0.186599 0.219455 0.369267 0.385001 0.161918 0.181780 0.228021 0.363091 0.210734 0.243773 0.194446 1
0.194406 0.027808 0.396283 0.232273 0.187720 0.218143 0.370218 0.385747 0.161238 0.180667 0.226095 0.364610 0.206822 0.242590 0.193472 1
0.195076 0.025995 0.400732 0.232605 0.188975 0.219255 0.370002 0.385781 0.159098 0.176746 0.222352 0.365746 0.204671 0.241856 0.192142 1
0.197018 0.023086 0.407072 0.233795 0.190085 0.224482 0.368220 0.384515 0.156626 0.171281 0.216585 0.366664 0.207630 0.237604 0.188507 1
0.200875 0.021694 0.411495 0.235081 0.191213 0.228600 0.367226 0.382846 0.154556 0.169122 0.209669 0.367445 0.213429 0.231836 0.183236 1
0.231543 0.389590 0.237709 0.234178 0.214443 0.233199 0.335748 0.346039 0.120481 0.132079 0.205537 0.344500 0.343794 0.126647 0.152660 1
0.230839 0.392406 0.235230 0.233131 0.214394 0.232768 0.335468 0.344513 0.121234 0.132061 0.207836 0.344255 0.345621 0.125936 0.150051 1
0.226673 0.404925 0.222238 0.231352 0.213857 0.230656 0.334597 0.340363 0.121676 0.131249 0.211673 0.344050 0.347078 0.130430 0.149399 1
0.228008 0.411724 0.215787 0.231688 0.212829 0.229934 0.335855 0.339313 0.121454 0.130743 0.211465 0.346019 0.343979 0.126611 0.146668 1
0.229143 0.414471 0.213145 0.232031 0.212541 0.230109 0.336227 0.339312 0.121568 0.130589 0.210824 0.346359 0.341967 0.125589 0.145521 1
0.230158 0.424513 0.202090 0.231918 0.211840 0.230216 0.336066 0.338745 0.121483 0.130208 0.209675 0.346077 0.338740 0.125259 0.144032 1
0.229724 0.430832 0.194755 0.232334 0.211044 0.232413 0.335533 0.339468 0.122657 0.129738 0.206654 0.345175 0.334444 0.132129 0.142432 1
0.229647 0.432743 0.191653 0.232410 0.210462 0.232454 0.335105 0.340290 0.122942 0.129722 0.205247 0.344943 0.334855 0.132402 0.141828 1
0.229470 0.437201 0.185982 0.232159 0.209977 0.232196 0.334708 0.340502 0.122495 0.129634 0.204359 0.344524 0.334803 0.131818 0.141407 1
0.227891 0.444476 0.180406 0.231619 0.208640 0.231248 0.334742 0.342770 0.120476 0.130014 0.202197 0.344428 0.331645 0.130439 0.140813 1
0.230568 0.526540 0.034986 0.208580 0.205944 0.207953 0.332649 0.271270 0.127804 0.132514 0.191652 0.342840 0.354699 0.136822 0.149226 1
0.230682 0.524490 0.032426 0.209681 0.206330 0.211349 0.333968 0.265882 0.128652 0.132912 0.190863 0.344601 0.356024 0.136074 0.150153 1
0.230744 0.521921 0.029981 0.210939 0.206953 0.212355 0.334833 0.260491 0.130647 0.133439 0.190198 0.346546 0.358105 0.137584 0.150854 1
0.231020 0.521194 0.029306 0.211708 0.207433 0.212767 0.335261 0.256413 0.131765 0.133817 0.189913 0.347490 0.359104 0.138107 0.150825 1
0.232718 0.522848 0.028257 0.213257 0.208014 0.212276 0.335396 0.247541 0.132570 0.134621 0.189660 0.348437 0.360865 0.137604 0.147859 1
0.233682 0.522258 0.028269 0.213970 0.208498 0.211585 0.335089 0.250698 0.132509 0.135151 0.189042 0.348173 0.361638 0.135422 0.144140 1
0.232834 0.518292 0.031406 0.214668 0.209391 0.212222 0.334922 0.259047 0.132459 0.135864 0.187931 0.348059 0.362733 0.133865 0.141314 1
0.231637 0.512459 0.035214 0.213890 0.210715 0.216818 0.333651 0.271090 0.132571 0.137078 0.187364 0.346807 0.362316 0.134059 0.139741 1
0.230882 0.511514 0.038097 0.211679 0.212664 0.220678 0.332747 0.270348 0.133100 0.136853 0.190018 0.345409 0.361810 0.135152 0.141501 1
0.232592 0.508119 0.044051 0.210769 0.214612 0.223154 0.333309 0.265175 0.134369 0.135689 0.195355 0.345106 0.361550 0.137522 0.143961 1
0.238239 0.509607 0.007985 0.209567 0.201403 0.235669 0.326872 0.307718 0.136148 0.133923 0.180034 0.337823 0.354096 0.127666 0.131270 1
0.237524 0.510725 0.009403 0.210001 0.201685 0.234999 0.326816 0.307488 0.134988 0.133614 0.180720 0.337486 0.353805 0.127582 0.131181 1
0.236662 0.510572 0.011313 0.210712 0.202457 0.232605 0.326792 0.309149 0.133492 0.133410 0.182059 0.337339 0.353559 0.128236 0.131570 1
0.236454 0.510326 0.014499 0.210674 0.202744 0.229062 0.326468 0.312701 0.132934 0.133314 0.182710 0.337111 0.353045 0.128782 0.132021 1
0.236453 0.509298 0.020249 0.208645 0.201210 0.224458 0.325800 0.321877 0.133849 0.132893 0.181527 0.336556 0.351562 0.131111 0.132523 1
0.235097 0.509229 0.023931 0.207178 0.199372 0.224875 0.325553 0.325587 0.134170 0.132996 0.179000 0.336520 0.350745 0.133696 0.133180 1
0.233873 0.509695 0.031070 0.206561 0.198204 0.225486 0.325262 0.326803 0.133766 0.132995 0.177716 0.336330 0.350156 0.135553 0.133759 1
0.232321 0.509294 0.036520 0.206220 0.196949 0.226097 0.325202 0.328045 0.133269 0.133061 0.177083 0.336201 0.349722 0.138328 0.134952 1
0.226416 0.505295 0.047805 0.206598 0.194058 0.222774 0.324141 0.333575 0.130157 0.132566 0.179334 0.334381 0.347577 0.156377 0.145152 1
0.225016 0.503776 0.051621 0.206950 0.193690 0.219745 0.323297 0.334646 0.128169 0.131902 0.180341 0.333441 0.346659 0.164910 0.151238 1
0.224258 0.501432 0.060027 0.207131 0.194202 0.218375 0.322595 0.334076 0.126773 0.131362 0.181360 0.332689 0.346048 0.171257 0.157203 1
0.259505 0.394690 0.202884 0.253236 0.262834 0.243288 0.342935 0.227453 0.148343 0.139366 0.199858 0.348346 0.357261 0.148231 0.147146 1
0.263338 0.389823 0.201830 0.254176 0.262811 0.242926 0.343413 0.230169 0.146163 0.139502 0.202680 0.348216 0.355820 0.148794 0.149836 1
0.271670 0.375790 0.202595 0.255280 0.262427 0.242316 0.343264 0.238528 0.143331 0.140550 0.209612 0.346999 0.351911 0.154318 0.155415 1
0.285435 0.359935 0.199192 0.254003 0.260085 0.243490 0.339993 0.250210 0.144644 0.143265 0.215456 0.343361 0.350254 0.160561 0.159450 1
0.295425 0.344146 0.195486 0.252833 0.260611 0.253090 0.337472 0.266621 0.158055 0.153512 0.216173 0.338385 0.347717 0.150372 0.147988 1
0.299989 0.333251 0.196043 0.252439 0.261152 0.252956 0.335443 0.280330 0.171196 0.164255 0.215989 0.334626 0.344624 0.140826 0.141378 1
0.303383 0.328034 0.195766 0.252122 0.261587 0.252660 0.334480 0.282746 0.181129 0.169907 0.214440 0.332819 0.343415 0.136482 0.139229 1
0.307473 0.317894 0.196637 0.252818 0.262123 0.253952 0.332462 0.284426 0.200099 0.180893 0.209584 0.329221 0.340373 0.131593 0.137651 1
0.305823 0.308002 0.201108 0.256048 0.263652 0.250964 0.330827 0.299096 0.201902 0.190016 0.206737 0.325808 0.335508 0.131008 0.136789 1
0.303292 0.304822 0.202426 0.257639 0.263598 0.244166 0.329046 0.316273 0.198459 0.190110 0.206473 0.324266 0.332766 0.132450 0.136962 1
0.302315 0.299098 0.207897 0.258163 0.263285 0.238806 0.327102 0.329317 0.195714 0.190260 0.206335 0.323365 0.329447 0.135498 0.137648 1
0.323302 0.049526 0.493289 0.252934 0.228557 0.197440 0.338780 0.348388 0.142381 0.142261 0.207891 0.335532 0.140794 0.136449 0.153604 1
0.322526 0.049029 0.492095 0.252282 0.229346 0.198341 0.339111 0.347293 0.145041 0.145010 0.208491 0.335156 0.140582 0.136316 0.154963 1
0.320928 0.049476 0.492663 0.252360 0.230068 0.200177 0.339049 0.344846 0.146494 0.147783 0.208397 0.334648 0.142739 0.136562 0.153420 1
0.330299 0.433821 0.482731 0.072833 0.044178 0.286375 0.217118 0.169456 0.167285 0.189565 0.283438 0.245082 0.188884 0.169765 0.189026 4
0.330606 0.435917 0.480536 0.074475 0.044584 0.286671 0.221394 0.169867 0.165586 0.188571 0.276329 0.248592 0.189075 0.171542 0.189385 4
0.331341 0.435525 0.483450 0.077061 0.041716 0.280081 0.212775 0.169192 0.167237 0.184933 0.286395 0.249501 0.189031 0.169547 0.189377 4
0.330147 0.431278 0.482742 0.076847 0.042775 0.278311 0.209919 0.171534 0.168497 0.185248 0.288701 0.254497 0.192709 0.169449 0.191325 4
0.332450 0.426449 0.479066 0.076575 0.045354 0.277928 0.209641 0.176578 0.170415 0.187888 0.285719 0.260530 0.194970 0.170143 0.192364 4
0.335943 0.422879 0.475866 0.076463 0.046625 0.280940 0.211936 0.181146 0.172105 0.190455 0.282591 0.259840 0.194778 0.170497 0.192129 4
0.337060 0.421299 0.470931 0.074995 0.046020 0.285562 0.221401 0.188986 0.170821 0.191945 0.274180 0.262564 0.192126 0.169470 0.193209 4
0.336272 0.423056 0.470401 0.074525 0.045710 0.285466 0.223093 0.190273 0.170882 0.192368 0.273449 0.262320 0.190189 0.168298 0.193057 4
0.333876 0.424783 0.471068 0.073851 0.044440 0.284665 0.229045 0.193513 0.171041 0.194284 0.272386 0.260209 0.187164 0.166160 0.190436 4
0.330318 0.428443 0.474132 0.074212 0.045780 0.280928 0.227843 0.191531 0.168380 0.193976 0.274259 0.260568 0.187246 0.166732 0.188288 4
0.336261 0.130519 0.586517 0.142047 0.117443 0.282487 0.200344 0.226286 0.176302 0.187585 0.296661 0.226927 0.208716 0.188462 0.189538 4
0.334214 0.117113 0.602469 0.153925 0.091325 0.266994 0.187791 0.194533 0.170917 0.186962 0.314863 0.236234 0.210610 0.186941 0.191764 4
0.326348 0.112742 0.594009 0.152703 0.091364 0.269090 0.192514 0.195781 0.174917 0.188332 0.312678 0.251539 0.217644 0.190597 0.194094 4
0.325542 0.111753 0.594011 0.154122 0.090219 0.271514 0.200020 0.206752 0.179377 0.192715 0.308245 0.244212 0.208790 0.187179 0.194210 4
0.328367 0.105551 0.595833 0.155940 0.084853 0.273071 0.202982 0.205219 0.178079 0.193136 0.304587 0.248512 0.202888 0.184845 0.194267 4
0.330784 0.100161 0.586826 0.154545 0.081662 0.275934 0.201055 0.197132 0.177176 0.193543 0.306865 0.263092 0.208811 0.188149 0.197414 4
0.339822 0.095110 0.584873 0.156258 0.077085 0.277056 0.200163 0.186882 0.181700 0.197397 0.309151 0.253714 0.208100 0.190833 0.199100 4
0.330665 0.159619 0.463430 0.086335 0.117277 0.270098 0.306379 0.294438 0.218791 0.207120 0.261795 0.284352 0.238586 0.201433 0.195020 4
0.328403 0.155250 0.459553 0.085572 0.115099 0.265675 0.306857 0.302836 0.231813 0.211910 0.258271 0.282151 0.238609 0.201167 0.193590 4
0.327129 0.155658 0.458548 0.085123 0.114416 0.266086 0.305168 0.302673 0.232953 0.211570 0.255396 0.285458 0.240632 0.203118 0.194192 4
0.326455 0.156830 0.458777 0.085133 0.114466 0.267124 0.303208 0.299758 0.230815 0.210413 0.254397 0.288242 0.242656 0.205976 0.195454 4
0.325375 0.156718 0.457872 0.085480 0.114447 0.269355 0.301973 0.297593 0.229883 0.209968 0.255392 0.288834 0.244839 0.207897 0.196131 4
0.324535 0.155484 0.457523 0.085756 0.114090 0.269614 0.303033 0.298650 0.231540 0.210520 0.256356 0.287392 0.244697 0.206816 0.195447 4
0.324434 0.155684 0.458220 0.085322 0.113773 0.268377 0.304635 0.299698 0.232399 0.209798 0.257112 0.286823 0.243836 0.204792 0.194611 4
0.330084 0.155412 0.467492 0.084659 0.114224 0.269684 0.298982 0.292846 0.223463 0.205175 0.260720 0.287089 0.241409 0.203001 0.195792 4
0.321603 0.330347 0.540393 0.150524 0.070203 0.268563 0.193100 0.185604 0.177966 0.188848 0.278367 0.249988 0.207310 0.181601 0.201731 4
0.330008 0.350153 0.543921 0.146864 0.070990 0.266581 0.187491 0.175401 0.172930 0.188813 0.279474 0.237517 0.193430 0.175297 0.202051 4
0.360358 0.367945 0.556578 0.128223 0.063925 0.267211 0.176930 0.166787 0.155786 0.188143 0.271319 0.217467 0.166553 0.163882 0.196871 4
0.362684 0.378296 0.543213 0.106760 0.052460 0.280401 0.183703 0.187737 0.143314 0.190445 0.263951 0.222415 0.170558 0.161933 0.192991 4
0.357411 0.387606 0.529421 0.099389 0.050490 0.280688 0.197552 0.199461 0.143522 0.192672 0.266932 0.220300 0.174920 0.162546 0.192831 4
0.368932 0.401944 0.520873 0.082918 0.044857 0.265956 0.208086 0.219608 0.137999 0.176990 0.284060 0.201721 0.162360 0.165292 0.185582 4
0.395896 0.403321 0.510930 0.072026 0.041849 0.259385 0.206245 0.214131 0.133951 0.173920 0.292415 0.195090 0.152240 0.169489 0.182426 4
0.408155 0.416015 0.494334 0.069631 0.039754 0.259244 0.206456 0.209438 0.136915 0.175797 0.292587 0.192990 0.145463 0.171261 0.181266 4
0.425089 0.423773 0.479985 0.040809 0.024837 0.267147 0.199660 0.227026 0.129132 0.183973 0.284599 0.181150 0.145728 0.162815 0.179437 4
0.345746 0.518701 0.366829 0.103325 0.049672 0.294572 0.197360 0.187663 0.179676 0.183710 0.288391 0.222781 0.190926 0.175495 0.191510 4
0.340129 0.524150 0.360340 0.101747 0.052324 0.293781 0.201701 0.190451 0.180050 0.184138 0.286857 0.222918 0.192603 0.179204 0.189389 4
0.337696 0.542574 0.337657 0.099314 0.054812 0.296099 0.202572 0.188904 0.179098 0.182981 0.283188 0.220291 0.194116 0.180858 0.188753 4
0.344787 0.548371 0.332320 0.100156 0.058645 0.301701 0.200089 0.183128 0.178784 0.182492 0.281721 0.214757 0.188342 0.175432 0.186830 4
0.351646 0.556441 0.319908 0.098288 0.062849 0.307910 0.198818 0.180363 0.176803 0.182203 0.276212 0.208733 0.185630 0.174593 0.186114 4
0.355439 0.564355 0.316455 0.092507 0.065820 0.312052 0.191518 0.177935 0.174357 0.183220 0.266657 0.206425 0.184059 0.172955 0.186919 4
0.356622 0.578307 0.305781 0.082665 0.067470 0.307793 0.189576 0.173546 0.170219 0.181041 0.254680 0.212763 0.184945 0.175375 0.189365 4
0.354546 0.581826 0.301207 0.074506 0.067044 0.302418 0.191465 0.171104 0.167622 0.179276 0.251939 0.221376 0.188667 0.180292 0.191814 4
0.345933 0.585124 0.285824 0.069127 0.065650 0.297483 0.203037 0.175772 0.168890 0.180205 0.252051 0.228071 0.197169 0.183479 0.193591 4
0.340084 0.589349 0.277038 0.069380 0.063977 0.301234 0.204881 0.179598 0.170094 0.180511 0.258277 0.222648 0.196604 0.181159 0.192648 4
0.345972 0.561576 0.179407 0.075429 0.034802 0.284763 0.270544 0.221367 0.201711 0.203555 0.271474 0.222726 0.210746 0.186846 0.194445 4
0.342516 0.561113 0.182324 0.074946 0.031589 0.282786 0.271818 0.221939 0.203849 0.204780 0.272915 0.228995 0.210525 0.181374 0.192980 4
0.340362 0.561609 0.183401 0.074654 0.031454 0.282936 0.270405 0.220644 0.203887 0.204110 0.271600 0.232744 0.213313 0.180459 0.193545 4
0.340379 0.563901 0.183874 0.073854 0.031700 0.284032 0.270784 0.218065 0.202529 0.201733 0.269643 0.233051 0.214496 0.179742 0.193101 4
0.341307 0.567491 0.182792 0.071951 0.032895 0.286303 0.273603 0.215115 0.200151 0.197906 0.267620 0.233287 0.212294 0.178048 0.191437 4
0.341269 0.567853 0.181222 0.069544 0.034105 0.285186 0.275436 0.215545 0.199082 0.196368 0.267643 0.234259 0.212548 0.179024 0.191447 4
0.340746 0.569168 0.179894 0.066844 0.034532 0.282804 0.277746 0.215918 0.196871 0.195867 0.265386 0.236784 0.213295 0.179604 0.191847 4
0.333744 0.566051 0.179682 0.064911 0.034237 0.279818 0.284106 0.218629 0.198360 0.199268 0.264901 0.238456 0.216408 0.183856 0.192337 4
0.330265 0.568262 0.181717 0.065338 0.034013 0.281033 0.284358 0.217987 0.198563 0.200726 0.263811 0.239539 0.213919 0.182493 0.190894 4
0.331252 0.571307 0.183097 0.065724 0.034756 0.281129 0.282556 0.215740 0.197257 0.200363 0.264197 0.238041 0.211426 0.181724 0.190183 4
0.438467 0.433957 0.478745 0.126130 0.112477 0.277958 0.160515 0.143721 0.154242 0.157694 0.282892 0.178769 0.155236 0.156901 0.169202 4
0.421626 0.444741 0.482949 0.124954 0.108357 0.274686 0.162285 0.146914 0.155105 0.159899 0.279323 0.184313 0.160020 0.155850 0.170164 4
0.404135 0.451583 0.488986 0.127071 0.106499 0.272239 0.163299 0.150380 0.155363 0.162304 0.273798 0.188178 0.163949 0.157983 0.173384 4
0.370885 0.466397 0.499695 0.131688 0.103045 0.262666 0.178977 0.168009 0.156358 0.169680 0.256470 0.188151 0.171890 0.152476 0.175491 4
0.369097 0.467250 0.497230 0.127741 0.100731 0.256745 0.193925 0.178301 0.150783 0.168627 0.250074 0.191822 0.178074 0.151867 0.176490 4
0.372857 0.474687 0.501765 0.119909 0.096242 0.257591 0.195998 0.179617 0.143943 0.165502 0.250558 0.178120 0.169928 0.148107 0.172579 4
0.377296 0.479924 0.503604 0.116773 0.092622 0.260507 0.191444 0.178052 0.142638 0.165757 0.249177 0.171434 0.159064 0.147877 0.169712 4
0.404370 0.491196 0.506319 0.104432 0.077362 0.259501 0.167222 0.153823 0.138445 0.164037 0.248820 0.163660 0.145225 0.144053 0.162431 4
0.414284 0.491043 0.505444 0.100326 0.070660 0.261385 0.158451 0.142668 0.141436 0.164070 0.247371 0.163452 0.145250 0.144324 0.161778 4
0.412611 0.418640 0.428661 0.079067 0.096283 0.251081 0.266896 0.212525 0.168892 0.200094 0.246920 0.234214 0.169954 0.164493 0.188281 4
0.406671 0.414612 0.427845 0.084153 0.101870 0.244737 0.279468 0.211390 0.171848 0.202633 0.247076 0.234080 0.170212 0.166508 0.190767 4
0.395729 0.406709 0.426220 0.087542 0.103939 0.237225 0.292366 0.211710 0.177533 0.207543 0.249067 0.239820 0.172928 0.170632 0.195248 4
0.387184 0.401052 0.423340 0.087804 0.102898 0.237260 0.299123 0.213341 0.182615 0.211313 0.248185 0.246151 0.176105 0.173627 0.197744 4
0.364270 0.391575 0.415171 0.088286 0.103710 0.249809 0.305168 0.209657 0.192744 0.218448 0.250575 0.259028 0.185003 0.182075 0.203570 4
0.360934 0.390033 0.412949 0.089012 0.108834 0.255272 0.304009 0.207798 0.195270 0.219505 0.248743 0.259670 0.188241 0.184730 0.203388 4
0.358440 0.388074 0.409721 0.089898 0.111598 0.256941 0.303825 0.211263 0.199148 0.221034 0.244791 0.260903 0.191680 0.187300 0.203028 4
0.358052 0.391375 0.405789 0.079192 0.112738 0.258896 0.300725 0.216320 0.204741 0.222811 0.243714 0.257227 0.193510 0.187617 0.202358 4
0.359274 0.393002 0.404812 0.073759 0.110170 0.256188 0.297055 0.220556 0.203238 0.221799 0.245533 0.258124 0.195190 0.187622 0.204416 4
0.643153 0.296412 0.142671 0.081294 0.218893 0.199912 0.124131 0.114404 0.113739 0.118921 0.160527 0.272542 0.311343 0.285147 0.223124 4
0.748703 0.218147 0.232937 0.068505 0.055335 0.194887 0.166723 0.153675 0.158771 0.168248 0.203700 0.188551 0.200736 0.183038 0.189971 4
0.740722 0.274110 0.278966 0.102652 0.088944 0.236973 0.139120 0.135630 0.128876 0.127697 0.251655 0.152048 0.149418 0.144405 0.153215 4
0.639492 0.338109 0.340581 0.145242 0.136292 0.262084 0.152088 0.132951 0.137430 0.148753 0.276259 0.161152 0.155499 0.148455 0.148491 4
0.418909 0.417384 0.427410 0.196834 0.184745 0.299772 0.174105 0.150982 0.152929 0.170228 0.304576 0.172814 0.156053 0.153542 0.169875 4
0.405964 0.421251 0.434419 0.198547 0.176101 0.300576 0.174353 0.150951 0.154438 0.170622 0.305442 0.176787 0.154890 0.155133 0.171722 4
0.388686 0.424836 0.441150 0.195341 0.164780 0.303360 0.175670 0.150260 0.153429 0.173656 0.307069 0.184030 0.160714 0.158723 0.173700 4
0.311875 0.435804 0.443288 0.192552 0.160625 0.291556 0.216165 0.193018 0.182202 0.179752 0.295499 0.203806 0.172524 0.168137 0.178996 4
0.336447 0.444669 0.446502 0.187231 0.157626 0.295353 0.206871 0.182272 0.166009 0.172507 0.297912 0.194512 0.163399 0.160989 0.173303 4
0.380777 0.450527 0.445883 0.176578 0.151114 0.302377 0.178435 0.156776 0.153074 0.170028 0.298315 0.178523 0.151012 0.160675 0.171851 4
0.388157 0.445383 0.449274 0.173047 0.145099 0.300371 0.180949 0.153721 0.160059 0.170989 0.298349 0.176264 0.147887 0.157024 0.173386 4
0.353241 0.410943 0.449394 0.047285 0.176809 0.265371 0.188280 0.163282 0.141831 0.191132 0.215454 0.270456 0.221232 0.253890 0.220780 4
0.357820 0.420856 0.445772 0.037328 0.172904 0.275527 0.182430 0.154505 0.130509 0.187552 0.220765 0.276099 0.217153 0.245113 0.217633 4
0.365434 0.430523 0.442674 0.027738 0.168059 0.281871 0.187337 0.140181 0.126052 0.180235 0.224917 0.281930 0.208980 0.231374 0.215141 4
0.369582 0.434428 0.437480 0.022342 0.162415 0.283512 0.193495 0.133090 0.127966 0.177324 0.232846 0.290736 0.201247 0.220488 0.212611 4
0.371412 0.437414 0.435196 0.020053 0.158486 0.287317 0.192076 0.143305 0.132509 0.176766 0.235206 0.295483 0.190445 0.209065 0.210741 4
0.371878 0.442094 0.435949 0.020394 0.155334 0.289269 0.190225 0.150311 0.139637 0.178641 0.231680 0.295918 0.180512 0.199724 0.209951 4
0.372235 0.442959 0.436404 0.021139 0.154600 0.289663 0.189698 0.149619 0.140174 0.179358 0.230825 0.294393 0.180344 0.198816 0.210567 4
0.373148 0.443837 0.436041 0.022700 0.152073 0.290187 0.187497 0.147238 0.140056 0.179807 0.230143 0.293857 0.185608 0.196945 0.210835 4
0.379213 0.439961 0.433780 0.025238 0.147930 0.287423 0.182440 0.142683 0.134820 0.177256 0.219722 0.297810 0.208067 0.204804 0.209501 4
0.383793 0.438864 0.435616 0.026385 0.149926 0.284502 0.180546 0.140640 0.133751 0.176771 0.213347 0.296305 0.210954 0.207627 0.209254 4
0.559502 0.397491 0.450620 0.031203 0.057330 0.265410 0.161700 0.134607 0.135802 0.158257 0.256302 0.179769 0.141171 0.141171 0.159932 4
0.571153 0.393578 0.445054 0.033710 0.051481 0.257113 0.160684 0.133900 0.137015 0.157284 0.254179 0.182078 0.139452 0.144607 0.159802 4
0.565987 0.394950 0.445536 0.033956 0.048013 0.257572 0.160645 0.133390 0.139134 0.157404 0.257723 0.183947 0.141800 0.149037 0.158302 4
0.529306 0.406148 0.459545 0.024156 0.039301 0.275091 0.161792 0.133109 0.138306 0.159856 0.272629 0.179447 0.146416 0.154050 0.160063 4
0.508051 0.409280 0.467221 0.018088 0.034069 0.284863 0.163322 0.133092 0.141426 0.161088 0.283145 0.179332 0.146840 0.152544 0.161068 4
0.490515 0.408990 0.471722 0.021913 0.031483 0.291754 0.166551 0.137105 0.146352 0.162780 0.289123 0.177001 0.150434 0.156780 0.162558 4
0.478732 0.395373 0.467593 0.036406 0.028782 0.295487 0.178902 0.143760 0.149107 0.163323 0.298518 0.190651 0.156969 0.164274 0.166492 4
0.479642 0.392712 0.466351 0.038603 0.027506 0.295432 0.179938 0.144167 0.149095 0.163067 0.300852 0.191606 0.156901 0.164213 0.167093 4
0.480047 0.387955 0.462872 0.040620 0.025534 0.296039 0.181581 0.145329 0.150032 0.162313 0.305656 0.196232 0.158196 0.163863 0.167624 4
0.401693 0.367158 0.426715 0.082655 0.072402 0.238204 0.193982 0.210900 0.289842 0.239766 0.235919 0.196265 0.172202 0.244380 0.213962 4
0.401873 0.365964 0.426072 0.081525 0.071887 0.237137 0.198244 0.218922 0.288087 0.239717 0.234509 0.194817 0.170955 0.243755 0.213792 4
0.401414 0.364921 0.425253 0.080930 0.071430 0.236143 0.200553 0.223662 0.288675 0.240473 0.233523 0.194210 0.170517 0.243123 0.213546 4
0.399051 0.361076 0.423256 0.080370 0.070398 0.234694 0.204356 0.234193 0.291603 0.242794 0.231523 0.192886 0.170630 0.241964 0.213734 4
0.396889 0.359192 0.423656 0.081113 0.069973 0.232725 0.204130 0.233231 0.293132 0.244200 0.231628 0.194927 0.173200 0.242019 0.215624 4
0.396980 0.359253 0.425216 0.081252 0.069527 0.232055 0.202379 0.229599 0.291564 0.244072 0.232055 0.196772 0.174730 0.242406 0.217109 4
0.397251 0.359337 0.425558 0.081130 0.069412 0.231796 0.201952 0.229109 0.291451 0.243667 0.232292 0.196961 0.174461 0.242402 0.217480 4
0.398657 0.358569 0.426554 0.082173 0.069799 0.232800 0.200889 0.231906 0.290284 0.241704 0.232148 0.196050 0.172525 0.241735 0.217672 4
0.400248 0.358790 0.426909 0.082535 0.070318 0.232914 0.200828 0.234307 0.289557 0.241255 0.232268 0.194044 0.170088 0.240455 0.217224 4
0.409869 0.361320 0.431539 0.085240 0.071403 0.233981 0.198733 0.232727 0.284003 0.239307 0.233963 0.188308 0.161680 0.234738 0.212357 4
0.416733 0.365778 0.436402 0.086696 0.072322 0.235081 0.197327 0.225669 0.277376 0.237118 0.235098 0.186268 0.156623 0.230650 0.208231 4
0.434713 0.417353 0.475669 0.049760 0.039360 0.213801 0.189100 0.173666 0.173634 0.220958 0.238598 0.176417 0.183407 0.211251 0.222793 4
0.424299 0.423931 0.481583 0.040935 0.026778 0.218091 0.190413 0.179135 0.177723 0.216149 0.234306 0.182492 0.184427 0.203840 0.218989 4
0.420343 0.426117 0.483306 0.038169 0.025204 0.216963 0.190663 0.182031 0.184044 0.214173 0.233070 0.183001 0.185791 0.200258 0.217542 4
0.419662 0.427182 0.484863 0.037706 0.025054 0.213997 0.192230 0.182984 0.186276 0.212890 0.231955 0.181123 0.187110 0.197896 0.217314 4
0.418614 0.417541 0.481809 0.041059 0.022958 0.214448 0.204332 0.191912 0.200048 0.218815 0.228630 0.178156 0.189278 0.195844 0.213091 4
0.418949 0.416107 0.481851 0.041703 0.021938 0.214736 0.204233 0.191166 0.200295 0.219045 0.228469 0.178560 0.189948 0.197412 0.212924 4
0.420087 0.413052 0.481822 0.043195 0.020023 0.215246 0.203493 0.188261 0.199221 0.219513 0.228012 0.178576 0.191922 0.203203 0.213154 4
0.355733 0.175823 0.160297 0.266924 0.276158 0.257413 0.298094 0.231196 0.238408 0.222386 0.277838 0.295640 0.263637 0.245607 0.245035 3
0.358632 0.175252 0.163956 0.265001 0.272102 0.256700 0.297751 0.220581 0.252094 0.237209 0.274815 0.295351 0.248311 0.248183 0.245943 3
0.357025 0.178309 0.164936 0.266306 0.276697 0.258384 0.301598 0.211239 0.248236 0.234988 0.279399 0.298864 0.245845 0.242863 0.245077 3
0.356681 0.180188 0.165435 0.267784 0.279584 0.257978 0.304036 0.207950 0.242491 0.230888 0.282218 0.300791 0.245602 0.240440 0.245901 3
0.365533 0.193467 0.172999 0.273704 0.294423 0.237620 0.315163 0.191270 0.218401 0.206466 0.296872 0.312160 0.237149 0.232226 0.242858 3
0.375456 0.194402 0.176859 0.274457 0.297439 0.224675 0.318457 0.193450 0.218133 0.201847 0.297476 0.316005 0.226494 0.225885 0.240520 3
0.379075 0.192560 0.177028 0.276099 0.298409 0.219346 0.319922 0.197454 0.218836 0.201301 0.293427 0.317241 0.223429 0.223785 0.240837 3
0.378470 0.188408 0.172603 0.281213 0.299126 0.216672 0.320008 0.203238 0.223227 0.211030 0.276339 0.317098 0.226730 0.224156 0.243569 3
0.368329 0.183116 0.165883 0.284588 0.296843 0.215065 0.316104 0.205432 0.227088 0.220040 0.252164 0.313656 0.255337 0.237047 0.249922 3
0.369002 0.183096 0.165918 0.286116 0.297032 0.215067 0.315448 0.202138 0.226800 0.222209 0.252991 0.314126 0.254978 0.236726 0.248042 3
0.372275 0.181750 0.166575 0.287541 0.296334 0.216577 0.313599 0.200827 0.230464 0.227319 0.254634 0.313552 0.249560 0.234238 0.243859 3
0.389691 0.290430 0.211987 0.285953 0.312092 0.219634 0.347742 0.183113 0.196819 0.201859 0.226119 0.349764 0.173870 0.168935 0.158965 3
0.363523 0.278130 0.213436 0.288196 0.311053 0.217117 0.341754 0.182066 0.207747 0.207679 0.218894 0.343478 0.210454 0.194524 0.183665 3
0.362502 0.271113 0.213945 0.285759 0.307268 0.215883 0.335240 0.181171 0.208743 0.201940 0.213926 0.337604 0.228835 0.210325 0.201827 3
0.371818 0.275862 0.208734 0.291298 0.310635 0.220713 0.340381 0.192565 0.212164 0.209178 0.205839 0.345960 0.196852 0.187143 0.185682 3
0.372657 0.277478 0.201481 0.293418 0.309942 0.216302 0.342893 0.201574 0.216979 0.216114 0.203628 0.347546 0.190849 0.180936 0.176598 3
0.372930 0.276227 0.193309 0.295346 0.310028 0.212254 0.344033 0.215694 0.223223 0.217996 0.197984 0.347277 0.188795 0.180447 0.169168 3
0.371356 0.274324 0.185722 0.301558 0.307109 0.208455 0.346748 0.226703 0.227529 0.215829 0.194622 0.349748 0.191053 0.177467 0.159578 3
0.369362 0.274400 0.185339 0.304022 0.307381 0.207219 0.348315 0.224529 0.227639 0.217838 0.191511 0.352050 0.190003 0.176576 0.158647 3
0.612323 0.239736 0.202451 0.262550 0.282965 0.182337 0.288135 0.146749 0.155088 0.157319 0.214287 0.292178 0.142956 0.149681 0.129872 3
0.663939 0.231440 0.186629 0.255381 0.278157 0.174725 0.276667 0.137899 0.144724 0.143212 0.192620 0.280157 0.122218 0.128731 0.116426 3
0.621314 0.243236 0.199285 0.268097 0.294460 0.181986 0.289246 0.143982 0.148206 0.142247 0.209335 0.290135 0.126614 0.134887 0.120711 3
0.560938 0.254826 0.214180 0.282146 0.307537 0.188673 0.303240 0.157359 0.158076 0.153544 0.208825 0.306081 0.142411 0.155637 0.132960 3
0.441611 0.275992 0.227386 0.307414 0.326080 0.200362 0.332255 0.174117 0.176929 0.181138 0.208327 0.336506 0.161967 0.165014 0.145612 3
0.420401 0.282052 0.222677 0.311576 0.323931 0.204901 0.338127 0.174189 0.178820 0.181495 0.208754 0.342698 0.168499 0.168906 0.150328 3
0.370158 0.290512 0.224765 0.318572 0.326672 0.214045 0.345641 0.188179 0.190781 0.183394 0.201169 0.348978 0.177364 0.174300 0.158258 3
0.363464 0.288910 0.238762 0.328630 0.317387 0.185769 0.345450 0.193646 0.236122 0.199992 0.181881 0.346641 0.168274 0.162584 0.153621 3
0.363409 0.288431 0.239187 0.328378 0.318113 0.185120 0.344908 0.193766 0.236212 0.198424 0.181586 0.346209 0.172532 0.163968 0.151897 3
0.363055 0.286822 0.238884 0.327115 0.318421 0.184307 0.342654 0.194835 0.236612 0.196303 0.180774 0.344166 0.184511 0.169007 0.151206 3
0.361914 0.281991 0.236600 0.323994 0.316461 0.183606 0.337300 0.199080 0.238316 0.195498 0.178076 0.339065 0.207663 0.180642 0.154400 3
0.361135 0.279589 0.234767 0.322488 0.314512 0.184057 0.334875 0.204749 0.239237 0.195812 0.176515 0.336509 0.216143 0.185804 0.155647 3
0.360932 0.279558 0.233740 0.322445 0.314007 0.184986 0.334880 0.209952 0.239644 0.196729 0.176789 0.336302 0.213450 0.184318 0.154615 3
0.360720 0.280267 0.233348 0.323744 0.314342 0.185498 0.336017 0.213620 0.239851 0.197422 0.177974 0.337520 0.206372 0.180015 0.152367 3
0.360673 0.280198 0.233445 0.324360 0.314363 0.185424 0.336191 0.214360 0.239849 0.197766 0.178421 0.337738 0.204687 0.178897 0.151911 3
0.360594 0.279991 0.233519 0.324710 0.314236 0.185365 0.336147 0.214569 0.240047 0.198257 0.178643 0.337768 0.204151 0.178469 0.151699 3
0.360140 0.279530 0.233688 0.325665 0.313910 0.185837 0.336169 0.214382 0.240890 0.200614 0.179142 0.337925 0.201153 0.177577 0.151310 3
0.370554 0.227700 0.176288 0.257778 0.284272 0.191995 0.296073 0.234338 0.250306 0.234528 0.180987 0.305182 0.291161 0.260524 0.238479 3
0.368288 0.224473 0.174734 0.257740 0.282760 0.194907 0.295491 0.247652 0.255183 0.235933 0.179978 0.303920 0.288238 0.256437 0.236731 3
0.368759 0.221866 0.173142 0.258366 0.282817 0.195343 0.295625 0.253130 0.254186 0.234624 0.180276 0.303674 0.287687 0.255074 0.237158 3
0.375119 0.218909 0.175207 0.260729 0.286670 0.190787 0.297690 0.242497 0.242638 0.229018 0.183521 0.305821 0.291868 0.257110 0.238459 3
0.377241 0.218222 0.175002 0.261181 0.287145 0.189267 0.298225 0.238151 0.239864 0.229050 0.183954 0.306622 0.293090 0.258377 0.238292 3
0.379543 0.212881 0.175090 0.261643 0.287674 0.187840 0.298647 0.234550 0.237833 0.229729 0.184253 0.307397 0.294654 0.260405 0.238451 3
0.381314 0.209786 0.173951 0.261143 0.286798 0.185143 0.298378 0.232791 0.236115 0.232808 0.183613 0.307418 0.296070 0.263902 0.238562 3
0.376015 0.207551 0.170302 0.261054 0.283452 0.189091 0.298999 0.249845 0.248810 0.239562 0.181318 0.306608 0.288701 0.257809 0.233376 3
0.378345 0.205397 0.169334 0.260405 0.283227 0.189411 0.299102 0.251674 0.248087 0.238454 0.181991 0.306908 0.289299 0.256414 0.232647 3
0.382130 0.204174 0.167946 0.259763 0.282194 0.187716 0.299077 0.248813 0.245714 0.236907 0.184017 0.307419 0.291563 0.256911 0.233452 3
0.382436 0.201034 0.170162 0.259873 0.281022 0.187292 0.298899 0.246191 0.245388 0.236149 0.185282 0.308416 0.292063 0.258945 0.234631 3
0.376602 0.174663 0.241616 0.268345 0.265559 0.182880 0.291267 0.284981 0.243869 0.237566 0.171575 0.294841 0.283882 0.254876 0.222330 3
0.386016 0.173262 0.241059 0.266191 0.264422 0.182487 0.288251 0.284190 0.247274 0.237123 0.170147 0.292461 0.281885 0.254333 0.221204 3
0.400754 0.173423 0.239912 0.262300 0.260499 0.184864 0.282926 0.280574 0.252802 0.238994 0.167956 0.286214 0.278203 0.254148 0.221397 3
0.417118 0.175883 0.239692 0.259033 0.257455 0.189019 0.277912 0.277330 0.259735 0.239922 0.167861 0.280012 0.272042 0.249248 0.215940 3
0.439297 0.177840 0.238946 0.257814 0.258777 0.197083 0.276625 0.275072 0.257889 0.236274 0.163378 0.278427 0.265841 0.236365 0.201863 3
0.458082 0.178209 0.246548 0.260042 0.262150 0.195769 0.282349 0.272241 0.244208 0.228375 0.163452 0.284086 0.255181 0.222414 0.187911 3
0.470508 0.178341 0.260361 0.262886 0.264532 0.193513 0.290064 0.264261 0.230636 0.213631 0.165251 0.291201 0.240075 0.215157 0.183461 3
0.463665 0.180483 0.285778 0.270672 0.273317 0.198188 0.303917 0.240826 0.214994 0.204414 0.172740 0.306094 0.218059 0.206981 0.176731 3
0.458570 0.182477 0.290644 0.273863 0.276848 0.198225 0.307939 0.231340 0.210603 0.201555 0.175515 0.310513 0.218550 0.205476 0.174561 3
0.448655 0.184868 0.297126 0.277067 0.281600 0.197640 0.312977 0.222234 0.206378 0.199247 0.180563 0.315977 0.219729 0.203194 0.171685 3
0.364099 0.238632 0.317646 0.286491 0.272715 0.189127 0.309635 0.258940 0.244264 0.216695 0.171628 0.311799 0.223289 0.197262 0.179940 3
0.364432 0.239277 0.317996 0.286598 0.272970 0.188141 0.309529 0.258819 0.243356 0.216981 0.171241 0.311654 0.222586 0.197326 0.180926 3
0.364222 0.241343 0.318522 0.287077 0.273163 0.187713 0.309683 0.257887 0.241545 0.215616 0.171034 0.311726 0.222539 0.197872 0.181728 3
0.363818 0.242695 0.318766 0.287330 0.273277 0.187607 0.309691 0.257530 0.240623 0.214768 0.170962 0.311728 0.222723 0.198272 0.181971 3
0.362433 0.244314 0.318881 0.287328 0.273056 0.187539 0.310087 0.257435 0.239450 0.211327 0.171537 0.312127 0.223872 0.200321 0.182929 3
0.362689 0.244443 0.319061 0.287119 0.273084 0.187535 0.310153 0.257147 0.239502 0.210787 0.171330 0.312209 0.223730 0.200480 0.183129 3
0.362050 0.244959 0.318310 0.286900 0.272905 0.186588 0.309452 0.258410 0.242765 0.213795 0.169516 0.311435 0.222624 0.200322 0.182735 3
0.360154 0.246275 0.317824 0.286604 0.270536 0.185100 0.308061 0.264783 0.246978 0.217825 0.168175 0.309782 0.220656 0.199099 0.181654 3
0.361746 0.245938 0.318996 0.285891 0.268904 0.184972 0.307801 0.265722 0.247300 0.217985 0.169174 0.309489 0.219127 0.198355 0.181243 3
0.341039 0.228694 0.290542 0.275907 0.291816 0.197180 0.310904 0.249443 0.227517 0.185988 0.189977 0.316627 0.270762 0.191183 0.235306 3
0.338997 0.230709 0.290249 0.277862 0.294613 0.197112 0.312794 0.247145 0.224237 0.180157 0.191664 0.318087 0.267512 0.193648 0.236887 3
0.337349 0.231709 0.288205 0.278673 0.297608 0.196678 0.313868 0.241888 0.218701 0.172843 0.193371 0.319106 0.269004 0.199631 0.241595 3
0.334030 0.231828 0.281043 0.278336 0.300992 0.198054 0.313340 0.239782 0.214230 0.165647 0.195344 0.319124 0.271276 0.211318 0.247276 3
0.330594 0.232296 0.278142 0.278797 0.301951 0.201372 0.312614 0.241458 0.216939 0.167173 0.194612 0.318856 0.268458 0.214548 0.247485 3
0.329454 0.230322 0.275179 0.276601 0.300995 0.202971 0.311028 0.249716 0.226346 0.180140 0.190987 0.317473 0.264567 0.211014 0.244576 3
0.333489 0.227473 0.274384 0.274211 0.297156 0.201935 0.309395 0.254526 0.232201 0.192063 0.189575 0.315571 0.261586 0.206001 0.244504 3
0.335733 0.225340 0.275236 0.272767 0.295267 0.200108 0.310364 0.254001 0.232436 0.193648 0.189845 0.315831 0.262766 0.204664 0.245013 3
0.333886 0.225196 0.277771 0.272950 0.294792 0.200013 0.311747 0.251476 0.232823 0.194509 0.189469 0.316964 0.262482 0.205573 0.243420 3
0.338915 0.231700 0.273595 0.259558 0.279712 0.187686 0.301597 0.269241 0.243678 0.218932 0.184372 0.306444 0.284273 0.213985 0.224721 3
0.338481 0.227505 0.269304 0.257439 0.279040 0.186871 0.299788 0.271476 0.244220 0.220698 0.187607 0.303814 0.285047 0.221363 0.228939 3
0.334676 0.225886 0.268945 0.256957 0.278334 0.189105 0.299043 0.271841 0.243818 0.220320 0.192567 0.302572 0.280823 0.229031 0.232632 3
0.332410 0.220624 0.268324 0.256416 0.277624 0.189837 0.297731 0.270869 0.243721 0.221408 0.199644 0.301411 0.280700 0.234896 0.234221 3
0.334866 0.213608 0.261312 0.252548 0.276922 0.186492 0.294027 0.265501 0.244040 0.224318 0.202756 0.298527 0.283785 0.252371 0.239660 3
0.341431 0.207804 0.253879 0.248466 0.275908 0.183549 0.291048 0.263838 0.242041 0.223143 0.206969 0.296361 0.285540 0.263830 0.244409 3
0.346725 0.202693 0.251027 0.247248 0.275475 0.182847 0.290617 0.263807 0.239442 0.220539 0.209462 0.296330 0.285405 0.266635 0.246928 3
0.353939 0.196189 0.243378 0.245695 0.273051 0.188365 0.288831 0.270502 0.236569 0.220400 0.209058 0.294121 0.286068 0.268969 0.247130 3
0.352905 0.194719 0.242157 0.245553 0.273083 0.190172 0.288075 0.274288 0.237516 0.219315 0.210990 0.293280 0.286642 0.268203 0.245981 3
0.353956 0.190272 0.239974 0.245450 0.273686 0.190403 0.287903 0.275209 0.238345 0.219327 0.211377 0.293271 0.287310 0.268668 0.246095 3
0.342080 0.264077 0.202073 0.297942 0.320038 0.168327 0.332536 0.218284 0.224380 0.190233 0.226439 0.335314 0.198115 0.211550 0.245778 3
0.338145 0.265248 0.205870 0.297133 0.321150 0.167384 0.331363 0.220176 0.224308 0.189059 0.217726 0.334027 0.198862 0.217156 0.251910 3
0.334804 0.265005 0.210583 0.294648 0.322966 0.165877 0.329067 0.225899 0.230306 0.192623 0.204576 0.331170 0.197205 0.222887 0.255227 3
0.333974 0.264872 0.212603 0.293329 0.322730 0.165077 0.327402 0.226878 0.230538 0.194372 0.203080 0.329552 0.200390 0.225821 0.255080 3
0.332889 0.268364 0.215914 0.292331 0.321209 0.164275 0.325758 0.225181 0.229686 0.195494 0.204128 0.328374 0.204832 0.227645 0.252692 3
0.333974 0.269205 0.218713 0.292934 0.321364 0.164304 0.324894 0.220704 0.231290 0.199257 0.201744 0.328428 0.206105 0.225109 0.250780 3
0.331980 0.271426 0.222044 0.292078 0.322310 0.163904 0.323625 0.218566 0.231335 0.200204 0.198087 0.327360 0.206970 0.226333 0.253355 3
0.328380 0.273478 0.225336 0.291056 0.322375 0.163072 0.322341 0.214872 0.230206 0.200050 0.194037 0.325880 0.210911 0.231902 0.257236 3
0.325563 0.273861 0.228255 0.290848 0.322097 0.162043 0.321553 0.209193 0.228934 0.200527 0.190457 0.324856 0.212527 0.238388 0.262164 3
0.329554 0.312681 0.268830 0.240279 0.296857 0.179158 0.302409 0.213299 0.175507 0.144152 0.240837 0.305929 0.283941 0.258575 0.236201 3
0.329914 0.313776 0.268630 0.240477 0.296512 0.179885 0.302905 0.213065 0.176149 0.144349 0.244571 0.306247 0.283536 0.254865 0.233384 3
0.330968 0.315905 0.269056 0.241370 0.296742 0.180820 0.304082 0.210925 0.175059 0.142394 0.245755 0.306833 0.282581 0.251707 0.231592 3
0.334367 0.322212 0.267662 0.242999 0.297589 0.182997 0.307070 0.207661 0.170193 0.135099 0.241715 0.308201 0.279551 0.248482 0.231735 3
0.335768 0.325486 0.266050 0.242022 0.298090 0.183756 0.306711 0.212010 0.171484 0.138476 0.237885 0.308386 0.277274 0.245673 0.229799 3
0.335487 0.326025 0.264635 0.241874 0.297761 0.184804 0.305923 0.216974 0.174936 0.145328 0.237249 0.307989 0.275413 0.242354 0.227346 3
0.333827 0.326286 0.262559 0.241567 0.296306 0.186614 0.305252 0.222213 0.178876 0.152335 0.237574 0.307690 0.274306 0.239358 0.225329 3
0.324205 0.327204 0.258162 0.243815 0.293231 0.190437 0.306251 0.225250 0.178868 0.156352 0.245197 0.308377 0.269740 0.239830 0.230266 3
0.317994 0.328112 0.256237 0.244931 0.292525 0.194678 0.307815 0.227195 0.183104 0.164949 0.245506 0.309372 0.263813 0.238055 0.229671 3
0.317653 0.327500 0.254722 0.245640 0.292083 0.197818 0.308633 0.227868 0.185675 0.170151 0.244690 0.309453 0.260583 0.237131 0.227593 3
0.332264 0.302853 0.254395 0.241773 0.281316 0.191199 0.301026 0.251806 0.183679 0.147180 0.238786 0.303665 0.271947 0.257811 0.244824 3
0.330396 0.301277 0.255000 0.241954 0.281592 0.191418 0.300338 0.255169 0.184284 0.148893 0.236854 0.303476 0.272147 0.258603 0.244926 3
0.327364 0.298353 0.257162 0.241078 0.282423 0.192141 0.297424 0.265891 0.185360 0.152802 0.229611 0.301776 0.274316 0.260422 0.243233 3
0.324461 0.300322 0.259495 0.242445 0.282046 0.197593 0.296769 0.273439 0.185833 0.153658 0.222548 0.301213 0.273637 0.258697 0.238282 3
0.325843 0.300885 0.259675 0.243616 0.280637 0.201041 0.296898 0.271262 0.186635 0.158502 0.220822 0.301161 0.271157 0.257980 0.236881 3
0.327726 0.301120 0.259978 0.244061 0.280081 0.202398 0.296834 0.270959 0.188098 0.162353 0.217388 0.300596 0.270549 0.257242 0.234743 3
0.338972 0.303045 0.259263 0.245296 0.278022 0.201855 0.298687 0.276352 0.187160 0.162216 0.201397 0.300786 0.270443 0.254007 0.228501 3
0.339812 0.303755 0.259228 0.246519 0.278179 0.201226 0.300611 0.276005 0.182983 0.155933 0.200309 0.302473 0.270632 0.253693 0.229904 3
0.335083 0.305044 0.259964 0.247061 0.278134 0.201945 0.301696 0.276665 0.182047 0.154412 0.202220 0.303405 0.270784 0.253768 0.229542 3
0.333232 0.309011 0.289143 0.278809 0.323037 0.205685 0.344984 0.168602 0.187216 0.215049 0.206019 0.344047 0.166673 0.184471 0.184696 3
0.332855 0.308586 0.289408 0.278878 0.323174 0.205715 0.344926 0.169507 0.187136 0.214187 0.206158 0.343833 0.167789 0.184926 0.184434 3
0.332365 0.307930 0.289941 0.278705 0.323514 0.205418 0.345030 0.170299 0.186340 0.213523 0.206838 0.343493 0.169184 0.185643 0.184104 3
0.331591 0.307654 0.290546 0.278802 0.323937 0.205350 0.345162 0.170762 0.185853 0.214194 0.207119 0.343251 0.168728 0.185987 0.183434 3
0.331309 0.308047 0.291501 0.279691 0.324943 0.206449 0.345175 0.170799 0.186037 0.213422 0.206298 0.343000 0.163684 0.185274 0.184742 3
0.331987 0.308500 0.291656 0.280818 0.325267 0.209422 0.345236 0.170418 0.186895 0.213210 0.206074 0.343493 0.156669 0.181963 0.185217 3
0.332106 0.308403 0.291525 0.281033 0.325182 0.210308 0.345254 0.170472 0.187227 0.214159 0.206132 0.343614 0.155059 0.181001 0.184685 3
0.196921 0.358802 0.314762 0.338723 0.293966 0.244658 0.212690 0.210611 0.196876 0.172024 0.235322 0.250774 0.261215 0.265201 0.240055 2
0.199341 0.344621 0.312089 0.330778 0.291348 0.252355 0.213483 0.215564 0.206218 0.182711 0.233702 0.255171 0.264674 0.265690 0.240405 2
0.198744 0.340109 0.311392 0.327512 0.290823 0.253740 0.214172 0.216899 0.209606 0.187573 0.233796 0.256417 0.265674 0.265795 0.240753 2
0.198087 0.331526 0.312472 0.325517 0.292283 0.255425 0.213277 0.218512 0.214049 0.195001 0.236442 0.253574 0.264870 0.266212 0.241402 2
0.204792 0.324499 0.312637 0.327079 0.293229 0.260013 0.210141 0.215932 0.212537 0.193847 0.238040 0.251130 0.266786 0.267319 0.241970 2
0.213366 0.315392 0.310563 0.327558 0.291803 0.260261 0.210612 0.217183 0.214339 0.195015 0.238271 0.251092 0.270504 0.267628 0.241368 2
0.220829 0.306788 0.306295 0.325791 0.287323 0.256159 0.214616 0.223525 0.220048 0.200605 0.239170 0.252136 0.272447 0.267316 0.240500 2
0.229872 0.292120 0.295451 0.320390 0.278863 0.247259 0.232604 0.240412 0.236740 0.218474 0.240587 0.250472 0.268312 0.262199 0.236526 2
0.232093 0.289961 0.291750 0.319271 0.277461 0.245627 0.237085 0.242662 0.240064 0.222342 0.241013 0.250810 0.267744 0.260522 0.234464 2
0.235151 0.289046 0.288576 0.318732 0.276982 0.244549 0.237882 0.242747 0.241081 0.222470 0.240350 0.253793 0.269596 0.260085 0.232670 2
0.158437 0.305317 0.343534 0.364238 0.314582 0.260836 0.215190 0.205188 0.195999 0.186016 0.257382 0.260101 0.253624 0.233307 0.223417 2
0.138858 0.327885 0.340173 0.385154 0.322802 0.258640 0.196076 0.194885 0.185561 0.181879 0.259785 0.255138 0.244341 0.223441 0.227819 2
0.135725 0.336669 0.334737 0.400842 0.324690 0.259662 0.181775 0.181451 0.169021 0.169771 0.262053 0.254885 0.241203 0.221688 0.241541 2
0.140111 0.324607 0.340519 0.405229 0.322324 0.260989 0.182381 0.181642 0.167120 0.167428 0.261375 0.255267 0.240774 0.222275 0.244443 2
0.150698 0.307389 0.335400 0.410044 0.314343 0.267440 0.193258 0.193741 0.176777 0.171488 0.257277 0.253587 0.239749 0.222534 0.242479 2
0.154280 0.296665 0.332085 0.398921 0.306280 0.259819 0.212889 0.213138 0.195363 0.185977 0.252793 0.253435 0.238266 0.221654 0.244781 2
0.154779 0.296285 0.334095 0.394969 0.305853 0.257627 0.214763 0.215905 0.198486 0.189667 0.251926 0.252460 0.237369 0.220909 0.245489 2
0.155115 0.305805 0.332380 0.387538 0.305027 0.254073 0.212905 0.217819 0.203860 0.195428 0.249120 0.251211 0.236482 0.220941 0.248464 2
0.147741 0.326038 0.330686 0.386394 0.304817 0.246463 0.197725 0.208909 0.200051 0.195377 0.247416 0.253408 0.239186 0.224394 0.256198 2
0.139013 0.340295 0.330314 0.389365 0.308479 0.242453 0.182368 0.195501 0.187775 0.185934 0.249876 0.258995 0.243963 0.228815 0.259844 2
0.212973 0.338365 0.233732 0.262940 0.355855 0.231228 0.272182 0.277725 0.272840 0.254620 0.278442 0.213212 0.219185 0.205067 0.180867 2
0.208809 0.338205 0.247032 0.265698 0.360085 0.232439 0.273034 0.277766 0.272469 0.257006 0.282092 0.204964 0.208010 0.197218 0.175966 2
0.205742 0.335229 0.276035 0.270996 0.375607 0.232570 0.273508 0.275950 0.269720 0.260367 0.285259 0.184424 0.188579 0.177866 0.162513 2
0.205671 0.333810 0.282646 0.270639 0.375660 0.232676 0.274779 0.275795 0.269956 0.261440 0.280648 0.183191 0.187488 0.177216 0.161878 2
0.203755 0.329346 0.297598 0.268192 0.376181 0.235294 0.277217 0.275825 0.270630 0.261188 0.266426 0.183458 0.187132 0.179333 0.162608 2
0.158632 0.323860 0.367373 0.276112 0.383717 0.245796 0.271988 0.268071 0.265236 0.262691 0.208303 0.169751 0.179994 0.180649 0.169298 2
0.141343 0.324079 0.382543 0.277671 0.379627 0.245629 0.270537 0.267603 0.266783 0.265158 0.202209 0.166921 0.178202 0.179053 0.168090 2
0.131946 0.331763 0.372101 0.281775 0.371175 0.253979 0.280416 0.277166 0.279014 0.273712 0.187422 0.162384 0.172092 0.162880 0.162877 2
0.262271 0.431851 0.016886 0.214298 0.255328 0.216038 0.279585 0.289500 0.274881 0.248322 0.217852 0.236412 0.254713 0.255257 0.232505 2
0.262864 0.431681 0.022140 0.213947 0.255227 0.215168 0.278751 0.288758 0.274255 0.247708 0.216564 0.239580 0.255916 0.255485 0.232661 2
0.262993 0.430601 0.036128 0.213848 0.254217 0.214003 0.276903 0.287270 0.273141 0.246711 0.218340 0.244517 0.259674 0.254934 0.231092 2
0.262256 0.430893 0.041047 0.214088 0.254649 0.213824 0.276681 0.287181 0.273040 0.246581 0.218989 0.244922 0.260120 0.254406 0.229699 2
0.252680 0.433189 0.044717 0.215897 0.259354 0.213500 0.277649 0.289384 0.275483 0.248505 0.217413 0.243299 0.260253 0.253720 0.223597 2
0.253011 0.434452 0.042334 0.216746 0.258741 0.213929 0.278077 0.289601 0.275696 0.248560 0.217365 0.242552 0.258648 0.253577 0.222461 2
0.252445 0.436127 0.039258 0.217967 0.258440 0.215029 0.278618 0.289661 0.275836 0.248241 0.217319 0.241411 0.256067 0.253597 0.222163 2
0.296444 0.414590 0.040233 0.189942 0.243851 0.196581 0.263167 0.279509 0.268310 0.237789 0.216031 0.268402 0.282080 0.268042 0.241642 2
0.258755 0.424774 0.057506 0.194132 0.258834 0.208649 0.264442 0.278305 0.266142 0.235915 0.213082 0.269508 0.283554 0.267014 0.239753 2
0.262355 0.433871 0.068406 0.199110 0.275210 0.206682 0.254460 0.269224 0.258942 0.229238 0.212549 0.262133 0.283341 0.267427 0.240043 2
0.255865 0.443117 0.073194 0.201369 0.291705 0.210462 0.251563 0.266070 0.256652 0.228123 0.213292 0.242869 0.279371 0.265862 0.240186 2
0.250061 0.448362 0.075780 0.204626 0.300264 0.213310 0.249852 0.265405 0.256635 0.228860 0.213852 0.235796 0.273873 0.261979 0.238937 2
0.241212 0.457316 0.077353 0.214938 0.308247 0.214333 0.246440 0.264290 0.256203 0.230454 0.220725 0.228238 0.262721 0.254675 0.235621 2
0.237559 0.468449 0.083135 0.229319 0.319624 0.212878 0.233475 0.257098 0.251091 0.227234 0.234342 0.232242 0.250406 0.244057 0.225243 2
0.239136 0.473638 0.085967 0.230032 0.322898 0.217640 0.239322 0.261650 0.255448 0.229354 0.235080 0.225033 0.241172 0.231265 0.213081 2
0.239835 0.474922 0.086458 0.229231 0.323026 0.219683 0.242301 0.263762 0.257520 0.231013 0.234250 0.223662 0.237976 0.226912 0.208130 2
0.244861 0.474172 0.086717 0.225811 0.320772 0.223252 0.245982 0.265728 0.259130 0.231883 0.229483 0.224245 0.235810 0.225443 0.206257 2
0.244846 0.468018 0.079898 0.221586 0.305013 0.223808 0.247842 0.266617 0.259571 0.232557 0.226028 0.229556 0.245577 0.239739 0.216484 2
0.215653 0.485919 0.070382 0.248612 0.286910 0.232181 0.244803 0.254938 0.252456 0.231875 0.206510 0.236236 0.247662 0.244858 0.228520 2
0.216928 0.486353 0.071145 0.250208 0.287100 0.231978 0.246334 0.254516 0.253291 0.234652 0.206225 0.235006 0.246106 0.242557 0.225081 2
0.220262 0.486377 0.067538 0.250741 0.286815 0.230816 0.246011 0.253508 0.252956 0.236633 0.203840 0.234466 0.246354 0.242819 0.225844 2
0.217621 0.491465 0.053919 0.253368 0.293684 0.232276 0.246101 0.252617 0.253246 0.239022 0.202917 0.226367 0.243295 0.238851 0.222468 2
0.217431 0.493893 0.045246 0.255398 0.299488 0.231689 0.248619 0.253937 0.253618 0.240566 0.196609 0.222942 0.241568 0.235526 0.217875 2
0.218088 0.494243 0.042060 0.256118 0.302264 0.231637 0.250423 0.255270 0.254783 0.242166 0.193307 0.222311 0.239851 0.232933 0.213933 2
0.221031 0.490824 0.039173 0.256697 0.300146 0.231753 0.256583 0.259476 0.258067 0.246929 0.185388 0.226196 0.240291 0.231623 0.203358 2
0.220550 0.490002 0.040652 0.257743 0.298157 0.231803 0.257591 0.259967 0.257226 0.248206 0.191196 0.224541 0.237819 0.230385 0.205486 2
0.218200 0.489509 0.044171 0.258663 0.297314 0.232333 0.257589 0.259794 0.256698 0.249717 0.195605 0.223537 0.236372 0.229029 0.207088 2
0.260161 0.435654 0.035316 0.258017 0.256830 0.206410 0.281887 0.288735 0.269879 0.243610 0.193444 0.232719 0.266227 0.250001 0.214873 2
0.259652 0.436432 0.036506 0.257362 0.257969 0.206702 0.282323 0.289254 0.270268 0.243572 0.195038 0.230542 0.265940 0.249577 0.212881 2
0.258281 0.436543 0.038356 0.256447 0.259827 0.206737 0.282182 0.288955 0.270104 0.242972 0.195559 0.230214 0.266907 0.250354 0.212045 2
0.257491 0.435967 0.037590 0.257122 0.260136 0.205808 0.279503 0.286183 0.269236 0.242437 0.192472 0.234421 0.268775 0.252657 0.216141 2
0.258681 0.436196 0.036823 0.257874 0.260420 0.205588 0.277349 0.282449 0.266168 0.241095 0.191136 0.237280 0.270699 0.254996 0.219246 2
0.260370 0.437953 0.036933 0.257197 0.260186 0.205765 0.275473 0.279516 0.263586 0.238936 0.191505 0.238874 0.271741 0.256374 0.221281 2
0.256286 0.439723 0.037287 0.258401 0.259155 0.207044 0.275782 0.280303 0.264127 0.238126 0.193414 0.236152 0.271596 0.256569 0.221156 2
0.251429 0.442199 0.038193 0.258486 0.263616 0.207385 0.279233 0.285337 0.268238 0.241626 0.184889 0.231493 0.268175 0.253366 0.216472 2
0.253637 0.443857 0.036558 0.259994 0.265886 0.207909 0.279549 0.285131 0.268346 0.242435 0.182652 0.229399 0.266085 0.251261 0.213668 2
0.192992 0.462557 0.069072 0.282597 0.243237 0.240327 0.250466 0.235522 0.224571 0.205222 0.214032 0.279387 0.287255 0.267886 0.241547 2
0.191644 0.459695 0.072920 0.283367 0.243623 0.239334 0.253460 0.241156 0.229714 0.209035 0.215040 0.277064 0.284267 0.264814 0.238544 2
0.192111 0.452879 0.079881 0.283338 0.245269 0.237163 0.257743 0.249010 0.237528 0.215881 0.214659 0.273996 0.280437 0.261869 0.234726 2
0.195218 0.446337 0.088197 0.282764 0.246339 0.236608 0.259981 0.253389 0.242147 0.220724 0.214800 0.272388 0.278304 0.259931 0.231885 2
0.199245 0.438224 0.098718 0.280821 0.245633 0.233814 0.258664 0.250822 0.239673 0.219945 0.215997 0.277325 0.284554 0.263897 0.234172 2
0.199909 0.426694 0.109295 0.279617 0.246514 0.234653 0.256927 0.247988 0.237227 0.217736 0.217478 0.282913 0.290611 0.268643 0.238433 2
0.199375 0.422416 0.113096 0.279666 0.246773 0.236372 0.256070 0.247168 0.236575 0.217166 0.218519 0.284239 0.291937 0.269875 0.240098 2
0.197898 0.408368 0.125719 0.280442 0.249260 0.239716 0.257114 0.248878 0.237877 0.217648 0.218768 0.285571 0.293332 0.271602 0.242484 2
0.201664 0.399852 0.133616 0.270670 0.252482 0.237954 0.258448 0.254662 0.244557 0.221649 0.212491 0.285283 0.293724 0.273770 0.244169 2
0.329113 0.256580 0.258826 0.260154 0.252555 0.210728 0.266087 0.280105 0.265522 0.234184 0.225359 0.244529 0.271010 0.262362 0.235634 2
0.266807 0.264231 0.244941 0.275062 0.287165 0.220847 0.257934 0.279020 0.267017 0.239143 0.237823 0.258227 0.269463 0.258034 0.238330 2
0.291876 0.248566 0.225199 0.277645 0.308242 0.233088 0.272007 0.288624 0.270518 0.243097 0.208712 0.257299 0.264387 0.245558 0.215284 2
0.294024 0.254891 0.210146 0.276446 0.290908 0.230977 0.282557 0.299464 0.282363 0.252283 0.204955 0.250060 0.260001 0.242880 0.214472 2
0.283483 0.255988 0.206428 0.280300 0.271842 0.237033 0.294254 0.308712 0.291327 0.265010 0.214611 0.236964 0.253222 0.237044 0.208165 2
0.248242 0.254390 0.212377 0.293045 0.281419 0.247908 0.287699 0.305375 0.285205 0.255442 0.230118 0.237465 0.258015 0.241288 0.212778 2
0.242193 0.256417 0.217766 0.295822 0.293699 0.240970 0.281467 0.298022 0.277709 0.241853 0.234369 0.246894 0.262642 0.246630 0.216765 2
0.252373 0.250840 0.220058 0.286401 0.301293 0.232736 0.284728 0.296782 0.276394 0.240715 0.229710 0.252946 0.263573 0.248543 0.215667 2
0.270864 0.249605 0.228372 0.270763 0.299567 0.225992 0.278832 0.291426 0.275566 0.247280 0.219970 0.257248 0.266810 0.252859 0.220457 2
0.276289 0.231361 0.241115 0.246024 0.279431 0.219608 0.280390 0.290506 0.277411 0.251422 0.231301 0.261036 0.273964 0.262831 0.237075 2
0.275262 0.231010 0.240248 0.245844 0.278891 0.219570 0.281815 0.291542 0.278116 0.252743 0.230522 0.260802 0.273959 0.261915 0.237192 2
0.273395 0.231438 0.240569 0.246987 0.279110 0.219525 0.281767 0.291681 0.278564 0.253593 0.230387 0.260546 0.273697 0.261260 0.237098 2
0.263133 0.236171 0.246867 0.255011 0.285477 0.223826 0.270781 0.283980 0.274847 0.251648 0.234246 0.262599 0.275181 0.262242 0.237183 2
0.262100 0.239438 0.250601 0.258747 0.288476 0.226047 0.266432 0.280100 0.270516 0.243941 0.237820 0.262391 0.275860 0.264328 0.237495 2
0.264228 0.239345 0.251006 0.258497 0.288008 0.225864 0.266854 0.280726 0.270726 0.243100 0.238107 0.261289 0.275211 0.264035 0.237232 2
0.272317 0.236674 0.249426 0.254694 0.282525 0.225231 0.272737 0.284693 0.274334 0.247891 0.237613 0.257517 0.271870 0.260542 0.235547 2
0.273536 0.235727 0.248499 0.253374 0.280850 0.226238 0.274887 0.286117 0.275380 0.249445 0.237334 0.256523 0.270925 0.259580 0.234955 2
0.273659 0.235384 0.248332 0.252496 0.279960 0.227675 0.275722 0.286452 0.275803 0.250380 0.237480 0.255916 0.270424 0.259182 0.234604 2
0.271588 0.233843 0.248485 0.252403 0.279858 0.229497 0.276257 0.287137 0.276057 0.251402 0.237622 0.255511 0.270122 0.259209 0.234596 2
0.219173 0.225957 0.236165 0.287471 0.375149 0.231480 0.227206 0.292564 0.278281 0.249096 0.242789 0.227850 0.249117 0.251352 0.235306 2
0.216744 0.226563 0.236387 0.288554 0.377868 0.232533 0.228225 0.293524 0.279186 0.250136 0.243139 0.227563 0.246520 0.247131 0.232788 2
0.215448 0.227194 0.236091 0.290109 0.382304 0.234159 0.229129 0.294392 0.279814 0.250939 0.242407 0.227566 0.243242 0.241704 0.229147 2
0.217202 0.224980 0.236946 0.289703 0.382547 0.233897 0.229501 0.293210 0.278432 0.249931 0.241274 0.230396 0.245809 0.242441 0.227944 2
0.218051 0.222114 0.237723 0.288214 0.381173 0.232987 0.229181 0.291431 0.276712 0.248853 0.242104 0.227313 0.249260 0.248682 0.231843 2
0.231523 0.222192 0.233173 0.277029 0.369845 0.230325 0.235731 0.287301 0.273644 0.243651 0.239691 0.235087 0.260198 0.259993 0.236014 2
0.329262 0.215001 0.214834 0.247412 0.320043 0.209213 0.267809 0.286551 0.273066 0.241593 0.223186 0.259715 0.268656 0.257009 0.222573 2
0.699516 0.180623 0.168798 0.157421 0.188395 0.149558 0.212635 0.220860 0.206785 0.179356 0.169280 0.211464 0.220169 0.207337 0.182101 2
0.560283 0.280143 0.185641 0.229721 0.177313 0.125808 0.255378 0.268529 0.237741 0.173365 0.184556 0.241903 0.249489 0.231678 0.201745 2
0.432578 0.230674 0.253968 0.221621 0.197270 0.217426 0.261130 0.271238 0.259020 0.229361 0.214878 0.253670 0.264621 0.255976 0.228767 2
0.357277 0.235891 0.247527 0.238772 0.208979 0.219402 0.271895 0.284729 0.272133 0.245148 0.198724 0.266070 0.279063 0.267592 0.240208 2
0.311628 0.233175 0.242465 0.262454 0.217866 0.226480 0.264593 0.278671 0.266999 0.241355 0.209816 0.276144 0.289035 0.278778 0.251681 2
0.303966 0.233185 0.240554 0.268886 0.219794 0.230181 0.260878 0.274779 0.263379 0.238557 0.216502 0.279577 0.290248 0.279690 0.253822 2
0.282040 0.232623 0.237631 0.281778 0.224906 0.238431 0.254856 0.268712 0.256601 0.231815 0.227683 0.283685 0.294674 0.283669 0.258232 2
0.264496 0.226740 0.222917 0.281559 0.225536 0.218393 0.275433 0.298371 0.283525 0.252358 0.218156 0.272106 0.288011 0.274671 0.249226 2
0.253524 0.226049 0.218321 0.300846 0.233307 0.216467 0.281141 0.308145 0.293859 0.266884 0.211642 0.258639 0.276563 0.263445 0.236673 2
0.241402 0.230238 0.223874 0.310678 0.242249 0.226155 0.278345 0.298865 0.286989 0.264993 0.216270 0.258671 0.276671 0.263221 0.230976 2
0.241442 0.236907 0.231428 0.320696 0.247910 0.238581 0.259950 0.270485 0.262451 0.244609 0.223653 0.272687 0.291122 0.274993 0.237894 2
0.246358 0.225589 0.239508 0.330701 0.250460 0.244788 0.237276 0.243315 0.238386 0.225171 0.228644 0.288863 0.306654 0.288874 0.250604 2
0.259012 0.210517 0.246499 0.335158 0.241047 0.236547 0.230488 0.240372 0.228506 0.217761 0.232882 0.293456 0.311048 0.295249 0.258135 2
0.214765 0.234854 0.241105 0.317579 0.267836 0.234253 0.272352 0.266761 0.251875 0.224685 0.236764 0.283863 0.289000 0.274095 0.242025 2
0.214506 0.235078 0.241427 0.318080 0.268391 0.234618 0.272662 0.267109 0.252006 0.224749 0.237067 0.282883 0.288555 0.273510 0.241202 2
0.213947 0.235111 0.241794 0.318717 0.269531 0.235874 0.272943 0.267286 0.251996 0.224673 0.238039 0.281095 0.288223 0.273001 0.239629 2
0.213611 0.234833 0.242003 0.318465 0.269792 0.236495 0.272854 0.267144 0.251896 0.224502 0.238284 0.280973 0.288277 0.273149 0.239613 2
0.213337 0.234486 0.242436 0.318176 0.269915 0.236944 0.272877 0.266965 0.251799 0.224345 0.238254 0.280933 0.288259 0.273358 0.239843 2
0.213335 0.233878 0.243472 0.318024 0.270025 0.237303 0.272891 0.266635 0.251520 0.223987 0.237633 0.281333 0.288264 0.273518 0.240050 2
0.213374 0.233589 0.243942 0.317972 0.270044 0.237267 0.272871 0.266547 0.251406 0.223873 0.237199 0.281738 0.288196 0.273526 0.240273 2
0.213398 0.232863 0.244897 0.317654 0.269932 0.236922 0.272737 0.266513 0.251321 0.223897 0.236709 0.282375 0.288176 0.273623 0.240777 2